naive-skip_break-446;1392;159;9861,05999999991
async-skip_break-446;0;0;0
